
matrix alpha
    137.2022     60.6572    148.2204    147.7027    -12.6093     90.9625
     60.6572    500.8828    366.9686    448.3021    287.4484    257.7019
    148.2204    366.9686    583.6554    659.6397    553.0108    612.6781
    147.7027    448.3021    659.6397    971.0057   1131.7702   1410.9380
    -12.6093    287.4484    553.0108   1131.7702   1911.5935   2409.3487
     90.9625    257.7019    612.6781   1410.9380   2409.3487   3341.0006
vector beta
    -24.7629   -118.2999    -76.5074   -124.1268   -104.8776   -145.4019
chi-squared:    147.9271

matrix alpha
    971.0057   1131.7702   1410.9380
   1131.7702   1911.5935   2409.3487
   1410.9380   2409.3487   3341.0006
vector beta
   -124.1268   -104.8776   -145.4019
chi-squared:    147.9271

