Original matrix:
    1.000000    0.000000    0.000000
    0.000000    2.000000    0.000000
    0.000000    0.000000    3.000000

Product of Q and R matrices:
    1.000000    0.000000    0.000000
    0.000000    2.000000    0.000000
    0.000000    0.000000    3.000000

Q matrix of the decomposition:
   -1.000000    0.000000    0.000000
    0.000000   -1.000000    0.000000
    0.000000    0.000000    1.000000

R matrix of the decomposition:
   -1.000000    0.000000    0.000000
    0.000000   -2.000000    0.000000
    0.000000    0.000000    3.000000

Updated matrix:
    2.000000    1.000000    1.000000
    0.000000    2.000000    0.000000
    0.000000    0.000000    3.000000

Product of new Q and R matrices:
    2.000000    1.000000    1.000000
    0.000000    2.000000    0.000000
    0.000000    0.000000    3.000000

New Q matrix:
   -1.000000    0.000000    0.000000
    0.000000   -1.000000    0.000000
    0.000000    0.000000    1.000000

New R matrix:
   -2.000000   -1.000000   -1.000000
    0.000000   -2.000000    0.000000
    0.000000    0.000000    3.000000

***********************************
press return for next problem:
Original matrix:
    1.000000    2.000000    3.000000
    2.000000    2.000000    3.000000
    3.000000    3.000000    3.000000

Product of Q and R matrices:
    1.000000    2.000000    3.000000
    2.000000    2.000000    3.000000
    3.000000    3.000000    3.000000

Q matrix of the decomposition:
   -0.267261    0.963624    0.000000
   -0.534522   -0.148250   -0.832050
   -0.801784   -0.222375    0.554700

R matrix of the decomposition:
   -3.741657   -4.008919   -4.810702
    0.000000    0.963624    1.778998
    0.000000    0.000000   -0.832050

Updated matrix:
    2.000000    4.000000    6.000000
    3.000000    4.000000    6.000000
    4.000000    5.000000    6.000000

Product of new Q and R matrices:
    2.000000    4.000000    6.000000
    3.000000    4.000000    6.000000
    4.000000    5.000000    6.000000

New Q matrix:
    0.371391    0.918260   -0.137361
    0.557086   -0.102029    0.824163
    0.742781   -0.382608   -0.549442

New R matrix:
    5.385165    7.427814   10.027548
    0.000000    1.351882    2.601736
    0.000000   -0.000000    0.824163

***********************************
press return for next problem:
Original matrix:
    1.000000    2.000000    3.000000    4.000000    5.000000
    2.000000    3.000000    4.000000    5.000000    1.000000
    3.000000    4.000000    5.000000    1.000000    2.000000
    4.000000    5.000000    1.000000    2.000000    3.000000
    5.000000    1.000000    2.000000    3.000000    4.000000

Product of Q and R matrices:
    1.000000    2.000000    3.000000    4.000000    5.000000
    2.000000    3.000000    4.000000    5.000000    1.000000
    3.000000    4.000000    5.000000    1.000000    2.000000
    4.000000    5.000000    1.000000    2.000000    3.000000
    5.000000    1.000000    2.000000    3.000000    4.000000

Q matrix of the decomposition:
   -0.134840   -0.277161   -0.351340    0.467892   -0.750092
   -0.269680   -0.319801   -0.387069    0.494376    0.656330
   -0.404520   -0.362441   -0.422799   -0.723908   -0.046881
   -0.539360   -0.405081    0.732454    0.079453   -0.046881
   -0.674200    0.724882   -0.107188    0.079453   -0.046881

R matrix of the decomposition:
   -7.416198   -6.067799   -5.393599   -5.393599   -6.067799
    0.000000   -4.264014   -2.878210   -1.705606   -0.746203
    0.000000    0.000000   -4.198214   -2.620162   -1.220757
    0.000000    0.000000    0.000000    4.016809    1.942193
    0.000000    0.000000    0.000000    0.000000   -3.516054

Updated matrix:
    2.000000    4.000000    6.000000    8.000000   10.000000
    3.000000    5.000000    7.000000    9.000000    6.000000
    4.000000    6.000000    8.000000    5.000000    7.000000
    5.000000    7.000000    4.000000    6.000000    8.000000
    6.000000    3.000000    5.000000    7.000000    9.000000

Product of new Q and R matrices:
    2.000000    4.000000    6.000000    8.000000   10.000000
    3.000000    5.000000    7.000000    9.000000    6.000000
    4.000000    6.000000    8.000000    5.000000    7.000000
    5.000000    7.000000    4.000000    6.000000    8.000000
    6.000000    3.000000    5.000000    7.000000    9.000000

New Q matrix:
    0.210819    0.363730    0.378491    0.449408    0.691399
    0.316228    0.340997    0.341625    0.391043   -0.717007
    0.421637    0.318264    0.304759   -0.790841    0.051215
    0.527046    0.295531   -0.788934    0.099220    0.051215
    0.632456   -0.750194    0.157295    0.099220    0.051215

New R matrix:
    9.486833   10.540926   12.122064   14.230249   16.865481
    0.000000    4.887626    4.546629    4.091966    3.523637
    0.000000    0.000000    4.731144    3.993823    3.072171
    0.000000    0.000000   -0.000000    4.450303    2.991187
    0.000000    0.000000    0.000000    0.000000    3.841106

***********************************
press return for next problem:
Original matrix:
    1.400000    2.100000    2.100000    7.400000    9.600000
    1.600000    1.500000    1.100000    0.700000    5.000000
    3.800000    8.000000    9.600000    5.400000    8.800000
    4.600000    8.200000    8.400000    0.400000    8.000000
    2.600000    2.900000    0.100000    9.600000    7.700000

Product of Q and R matrices:
    1.400000    2.100000    2.100000    7.400000    9.600000
    1.600000    1.500000    1.100000    0.700000    5.000000
    3.800000    8.000000    9.600000    5.400000    8.800000
    4.600000    8.200000    8.400000    0.400000    8.000000
    2.600000    2.900000    0.100000    9.600000    7.700000

Q matrix of the decomposition:
   -0.204472   -0.126499   -0.267184    0.701215   -0.615710
   -0.233682   -0.501530   -0.735649   -0.109595    0.375060
   -0.554996    0.568874   -0.017165    0.361839    0.486970
   -0.671837    0.099968   -0.000307   -0.576640   -0.454013
   -0.379734   -0.631549    0.622205    0.181233    0.192259

R matrix of the decomposition:
   -6.846897  -11.830176  -11.695809   -8.587832  -16.313959
    0.000000    2.521295    5.420436   -4.238125   -2.779133
    0.000000    0.000000   -1.475441    3.388243   -1.605733
    0.000000    0.000000    0.000000    8.575386    6.150250
    0.000000    0.000000    0.000000    0.000000   -1.901896

Updated matrix:
    5.800000   12.330000   11.340000    7.840000   14.110000
    8.000000   16.380000   14.540000    1.340000   11.560000
   22.600000   51.710000   49.080000    7.280000   28.070000
   41.000000   92.830000   84.840000    4.040000   45.310000
    3.000000    3.830000    0.940000    9.640000    8.110000

Product of new Q and R matrices:
    5.800000   12.330000   11.340000    7.840000   14.110000
    8.000000   16.380000   14.540000    1.340000   11.560000
   22.600000   51.710000   49.080000    7.280000   28.070000
   41.000000   92.830000   84.840000    4.040000   45.310000
    3.000000    3.830000    0.940000    9.640000    8.110000

New Q matrix:
    0.120980   -0.215025    0.354001    0.457917   -0.777253
    0.166870   -0.473091    0.451815   -0.734370   -0.070020
    0.471407    0.194186    0.626975    0.320648    0.494120
    0.855207    0.076312   -0.465851   -0.124879   -0.173742
    0.062576   -0.828503   -0.245827    0.364146    0.341516

New R matrix:
   47.941631  108.229943   99.549387    8.662200   56.125333
    0.000000    3.551715    5.909012   -8.584532   -6.313611
    0.000000    0.000000    1.601844    3.693369    4.715772
    0.000000    0.000000    0.000000    7.946189    4.267437
    0.000000    0.000000    0.000000    0.000000   -3.009091

***********************************
press return for next problem:
