Original Matrix
  3.00  0.00  1.00  0.00  0.00
  0.00  4.00  0.00  0.00  0.00
  0.00  7.00  5.00  9.00  0.00
  0.00  0.00  0.00  0.00  2.00
  0.00  0.00  0.00  6.00  5.00

Transpose
  3.00  0.00  0.00  0.00  0.00
  0.00  4.00  7.00  0.00  0.00
  1.00  0.00  5.00  0.00  0.00
  0.00  0.00  9.00  0.00  6.00
  0.00  0.00  0.00  2.00  5.00
